[[144, 55, 47, 0], 14573]
[[144, 67, 68, 0], 14573]
[[144, 60, 63, 0], 14573]
[[144, 72, 76, 0], 14573]
[[144, 48, 52, 0], 14575]
[[144, 64, 63, 0], 14582]
[[176, 64, 1, 0], 14882]
[[176, 64, 6, 0], 14889]
[[176, 64, 11, 0], 14895]
[[176, 64, 17, 0], 14901]
[[176, 64, 23, 0], 14907]
[[176, 64, 29, 0], 14913]
[[176, 64, 36, 0], 14919]
[[176, 64, 41, 0], 14925]
[[176, 64, 48, 0], 14931]
[[176, 64, 56, 0], 14937]
[[176, 64, 59, 0], 14943]
[[176, 64, 61, 0], 14949]
[[176, 64, 63, 0], 14955]
[[176, 64, 70, 0], 14961]
[[176, 64, 79, 0], 14967]
[[176, 64, 127, 0], 14973]
[[144, 72, 0, 0], 15364]
[[144, 64, 0, 0], 15368]
[[144, 60, 0, 0], 15433]
[[144, 67, 0, 0], 15452]
[[144, 55, 0, 0], 15502]
[[144, 48, 0, 0], 15551]
[[144, 72, 75, 0], 16187]
[[144, 69, 68, 0], 16187]
[[144, 48, 57, 0], 16191]
[[144, 41, 58, 0], 16191]
[[144, 65, 66, 0], 16191]
[[144, 60, 62, 0], 16200]
[[176, 64, 78, 0], 16216]
[[176, 64, 69, 0], 16221]
[[176, 64, 63, 0], 16226]
[[176, 64, 60, 0], 16233]
[[176, 64, 58, 0], 16239]
[[176, 64, 49, 0], 16245]
[[176, 64, 40, 0], 16250]
[[176, 64, 33, 0], 16256]
[[176, 64, 25, 0], 16262]
[[176, 64, 18, 0], 16268]
[[176, 64, 11, 0], 16274]
[[176, 64, 4, 0], 16281]
[[176, 64, 0, 0], 16286]
[[176, 64, 2, 0], 16479]
[[176, 64, 9, 0], 16485]
[[176, 64, 15, 0], 16492]
[[176, 64, 23, 0], 16497]
[[176, 64, 33, 0], 16503]
[[176, 64, 40, 0], 16509]
[[176, 64, 50, 0], 16515]
[[176, 64, 59, 0], 16521]
[[176, 64, 62, 0], 16527]
[[176, 64, 69, 0], 16534]
[[176, 64, 127, 0], 16539]
[[144, 65, 0, 0], 17381]
[[144, 60, 0, 0], 17387]
[[144, 72, 0, 0], 17433]
[[144, 69, 0, 0], 17512]
[[144, 48, 0, 0], 17566]
[[144, 41, 0, 0], 17628]
[[144, 64, 69, 0], 19825]
[[144, 67, 79, 0], 19825]
[[144, 60, 68, 0], 19830]
[[144, 55, 49, 0], 19837]
[[176, 64, 79, 0], 19850]
[[176, 64, 71, 0], 19856]
[[176, 64, 63, 0], 19863]
[[176, 64, 61, 0], 19868]
[[176, 64, 59, 0], 19874]
[[176, 64, 57, 0], 19881]
[[176, 64, 47, 0], 19886]
[[176, 64, 40, 0], 19893]
[[176, 64, 33, 0], 19898]
[[176, 64, 25, 0], 19905]
[[176, 64, 18, 0], 19910]
[[176, 64, 11, 0], 19917]
[[176, 64, 3, 0], 19922]
[[176, 64, 0, 0], 19928]
[[176, 64, 1, 0], 20108]
[[176, 64, 6, 0], 20115]
[[176, 64, 13, 0], 20121]
[[176, 64, 21, 0], 20127]
[[176, 64, 30, 0], 20133]
[[176, 64, 38, 0], 20139]
[[176, 64, 46, 0], 20145]
[[176, 64, 57, 0], 20151]
[[176, 64, 61, 0], 20157]
[[176, 64, 64, 0], 20163]
[[176, 64, 75, 0], 20169]
[[176, 64, 127, 0], 20175]
[[144, 67, 0, 0], 20742]
[[144, 60, 0, 0], 20748]
[[144, 64, 0, 0], 20810]
[[144, 55, 0, 0], 20812]
[[144, 67, 82, 0], 21188]
[[176, 64, 78, 0], 21189]
[[144, 59, 71, 0], 21192]
[[144, 62, 74, 0], 21192]
[[176, 64, 65, 0], 21195]
[[144, 55, 53, 0], 21198]
[[176, 64, 61, 0], 21201]
[[176, 64, 58, 0], 21207]
[[176, 64, 48, 0], 21213]
[[176, 64, 39, 0], 21219]
[[176, 64, 31, 0], 21225]
[[176, 64, 23, 0], 21230]
[[176, 64, 15, 0], 21236]
[[176, 64, 8, 0], 21242]
[[176, 64, 1, 0], 21249]
[[176, 64, 0, 0], 21254]
[[176, 64, 1, 0], 21421]
[[176, 64, 9, 0], 21428]
[[176, 64, 15, 0], 21434]
[[176, 64, 24, 0], 21440]
[[176, 64, 34, 0], 21446]
[[176, 64, 42, 0], 21452]
[[176, 64, 54, 0], 21458]
[[176, 64, 59, 0], 21464]
[[176, 64, 63, 0], 21470]
[[176, 64, 71, 0], 21476]
[[176, 64, 127, 0], 21482]
[[144, 62, 0, 0], 22091]
[[144, 67, 0, 0], 22097]
[[144, 59, 0, 0], 22202]
[[144, 55, 0, 0], 22358]
[[144, 60, 68, 0], 22995]
[[144, 65, 71, 0], 23000]
[[144, 69, 79, 0], 23000]
[[176, 64, 80, 0], 23006]
[[144, 53, 53, 0], 23008]
[[176, 64, 68, 0], 23012]
[[176, 64, 62, 0], 23018]
[[176, 64, 58, 0], 23025]
[[176, 64, 50, 0], 23031]
[[176, 64, 40, 0], 23036]
[[176, 64, 33, 0], 23042]
[[176, 64, 25, 0], 23048]
[[176, 64, 17, 0], 23054]
[[176, 64, 10, 0], 23060]
[[176, 64, 3, 0], 23067]
[[176, 64, 0, 0], 23072]
[[176, 64, 2, 0], 23234]
[[176, 64, 9, 0], 23240]
[[176, 64, 17, 0], 23246]
[[176, 64, 25, 0], 23252]
[[176, 64, 33, 0], 23258]
[[176, 64, 41, 0], 23264]
[[176, 64, 53, 0], 23270]
[[176, 64, 59, 0], 23276]
[[176, 64, 62, 0], 23282]
[[176, 64, 67, 0], 23288]
[[176, 64, 78, 0], 23294]
[[176, 64, 127, 0], 23300]
[[144, 60, 0, 0], 23745]
[[144, 65, 0, 0], 23802]
[[144, 69, 0, 0], 23823]
[[144, 53, 0, 0], 23933]
[[144, 67, 79, 0], 24622]
[[144, 52, 79, 0], 24625]
[[144, 60, 75, 0], 24631]
[[144, 64, 83, 0], 24631]
[[176, 64, 73, 0], 24644]
[[176, 64, 63, 0], 24650]
[[176, 64, 59, 0], 24656]
[[176, 64, 53, 0], 24663]
[[176, 64, 41, 0], 24668]
[[176, 64, 32, 0], 24675]
[[176, 64, 23, 0], 24680]
[[176, 64, 14, 0], 24687]
[[176, 64, 6, 0], 24692]
[[176, 64, 0, 0], 24699]
[[176, 64, 5, 0], 24842]
[[176, 64, 13, 0], 24849]
[[176, 64, 21, 0], 24855]
[[176, 64, 30, 0], 24860]
[[176, 64, 38, 0], 24867]
[[176, 64, 46, 0], 24873]
[[176, 64, 58, 0], 24879]
[[176, 64, 61, 0], 24884]
[[176, 64, 65, 0], 24891]
[[176, 64, 76, 0], 24897]
[[176, 64, 127, 0], 24903]
[[144, 67, 0, 0], 25110]
[[144, 64, 0, 0], 25116]
[[144, 60, 0, 0], 25170]
[[144, 52, 0, 0], 25379]
[[144, 55, 67, 0], 26647]
[[144, 43, 62, 0], 26666]
[[144, 59, 81, 0], 26670]
[[144, 62, 81, 0], 26689]
[[144, 65, 83, 0], 26701]
[[176, 64, 72, 0], 26708]
[[176, 64, 63, 0], 26714]
[[176, 64, 60, 0], 26721]
[[176, 64, 56, 0], 26726]
[[176, 64, 44, 0], 26732]
[[176, 64, 37, 0], 26738]
[[176, 64, 29, 0], 26744]
[[176, 64, 22, 0], 26750]
[[176, 64, 15, 0], 26757]
[[176, 64, 9, 0], 26762]
[[176, 64, 3, 0], 26768]
[[176, 64, 0, 0], 26774]
[[176, 64, 4, 0], 26943]
[[176, 64, 11, 0], 26949]
[[176, 64, 19, 0], 26955]
[[176, 64, 27, 0], 26960]
[[176, 64, 36, 0], 26967]
[[176, 64, 42, 0], 26972]
[[176, 64, 54, 0], 26978]
[[176, 64, 59, 0], 26984]
[[176, 64, 62, 0], 26990]
[[176, 64, 69, 0], 26996]
[[176, 64, 80, 0], 27003]
[[176, 64, 127, 0], 27008]
[[144, 62, 0, 0], 27517]
[[144, 55, 0, 0], 27523]
[[144, 59, 0, 0], 27536]
[[144, 65, 0, 0], 27555]
[[144, 43, 0, 0], 27827]
[[144, 43, 71, 0], 28384]
[[144, 36, 67, 0], 28394]
[[144, 64, 81, 0], 28394]
[[144, 60, 67, 0], 28396]
[[144, 55, 69, 0], 28403]
[[176, 64, 74, 0], 28430]
[[176, 64, 65, 0], 28437]
[[176, 64, 62, 0], 28442]
[[176, 64, 60, 0], 28448]
[[176, 64, 58, 0], 28454]
[[176, 64, 53, 0], 28460]
[[176, 64, 45, 0], 28467]
[[176, 64, 40, 0], 28472]
[[176, 64, 34, 0], 28479]
[[176, 64, 28, 0], 28484]
[[176, 64, 22, 0], 28491]
[[176, 64, 15, 0], 28496]
[[176, 64, 11, 0], 28502]
[[176, 64, 5, 0], 28508]
[[176, 64, 0, 0], 28514]
[[176, 64, 5, 0], 28724]
[[176, 64, 12, 0], 28730]
[[176, 64, 19, 0], 28737]
[[176, 64, 27, 0], 28742]
[[176, 64, 35, 0], 28748]
[[176, 64, 41, 0], 28754]
[[176, 64, 52, 0], 28760]
[[176, 64, 58, 0], 28767]
[[176, 64, 61, 0], 28772]
[[176, 64, 65, 0], 28778]
[[176, 64, 74, 0], 28784]
[[176, 64, 127, 0], 28791]
[[144, 55, 0, 0], 28970]
[[144, 36, 0, 0], 28977]
[[144, 60, 0, 0], 29000]
[[144, 64, 0, 0], 29020]
[[144, 43, 0, 0], 29042]
[[144, 77, 67, 0], 31680]
[[144, 74, 64, 0], 31684]
[[144, 65, 55, 0], 31689]
[[144, 70, 58, 0], 31689]
[[176, 64, 71, 0], 31707]
[[144, 46, 44, 0], 31707]
[[176, 64, 64, 0], 31712]
[[176, 64, 62, 0], 31718]
[[176, 64, 59, 0], 31724]
[[176, 64, 57, 0], 31730]
[[176, 64, 50, 0], 31736]
[[176, 64, 42, 0], 31742]
[[176, 64, 38, 0], 31748]
[[176, 64, 31, 0], 31754]
[[176, 64, 25, 0], 31760]
[[176, 64, 19, 0], 31766]
[[176, 64, 14, 0], 31772]
[[176, 64, 9, 0], 31778]
[[176, 64, 3, 0], 31784]
[[176, 64, 0, 0], 31790]
[[176, 64, 5, 0], 31989]
[[176, 64, 12, 0], 31994]
[[176, 64, 20, 0], 32000]
[[176, 64, 29, 0], 32006]
[[176, 64, 37, 0], 32012]
[[176, 64, 44, 0], 32019]
[[176, 64, 57, 0], 32024]
[[176, 64, 60, 0], 32029]
[[176, 64, 63, 0], 32035]
[[176, 64, 72, 0], 32041]
[[176, 64, 127, 0], 32048]
[[144, 77, 0, 0], 32191]
[[144, 74, 0, 0], 32198]
[[144, 70, 0, 0], 32211]
[[144, 65, 0, 0], 32255]
[[144, 46, 0, 0], 32786]
[[144, 70, 79, 0], 33210]
[[144, 62, 63, 0], 33214]
[[144, 65, 71, 0], 33214]
[[144, 58, 50, 0], 33234]
[[176, 64, 71, 0], 33249]
[[176, 64, 63, 0], 33254]
[[176, 64, 61, 0], 33261]
[[176, 64, 58, 0], 33266]
[[176, 64, 51, 0], 33273]
[[176, 64, 41, 0], 33278]
[[176, 64, 36, 0], 33285]
[[176, 64, 29, 0], 33290]
[[176, 64, 21, 0], 33297]
[[176, 64, 15, 0], 33302]
[[176, 64, 10, 0], 33309]
[[176, 64, 5, 0], 33314]
[[176, 64, 0, 0], 33321]
[[176, 64, 6, 0], 33487]
[[176, 64, 13, 0], 33493]
[[176, 64, 21, 0], 33499]
[[176, 64, 30, 0], 33505]
[[176, 64, 38, 0], 33512]
[[176, 64, 45, 0], 33517]
[[176, 64, 57, 0], 33524]
[[176, 64, 60, 0], 33530]
[[176, 64, 63, 0], 33536]
[[176, 64, 71, 0], 33541]
[[176, 64, 127, 0], 33548]
[[144, 62, 0, 0], 34137]
[[144, 65, 0, 0], 34237]
[[144, 70, 0, 0], 34263]
[[144, 58, 0, 0], 34281]
[[144, 67, 71, 0], 35566]
[[144, 51, 71, 0], 35570]
[[144, 70, 74, 0], 35574]
[[144, 63, 71, 0], 35576]
[[176, 64, 79, 0], 35635]
[[176, 64, 67, 0], 35641]
[[176, 64, 62, 0], 35648]
[[176, 64, 58, 0], 35653]
[[176, 64, 52, 0], 35660]
[[176, 64, 41, 0], 35665]
[[176, 64, 36, 0], 35672]
[[176, 64, 28, 0], 35678]
[[176, 64, 19, 0], 35684]
[[176, 64, 12, 0], 35689]
[[176, 64, 5, 0], 35695]
[[176, 64, 0, 0], 35701]
[[176, 64, 1, 0], 35906]
[[176, 64, 6, 0], 35912]
[[176, 64, 13, 0], 35919]
[[176, 64, 21, 0], 35924]
[[176, 64, 29, 0], 35930]
[[176, 64, 38, 0], 35936]
[[176, 64, 44, 0], 35942]
[[176, 64, 56, 0], 35949]
[[176, 64, 59, 0], 35954]
[[176, 64, 62, 0], 35960]
[[176, 64, 68, 0], 35966]
[[176, 64, 76, 0], 35972]
[[176, 64, 127, 0], 35978]
[[144, 63, 0, 0], 36459]
[[144, 67, 0, 0], 36470]
[[144, 51, 0, 0], 36483]
[[144, 70, 0, 0], 36510]
[[144, 64, 74, 0], 37304]
[[144, 67, 82, 0], 37304]
[[144, 72, 80, 0], 37304]
[[144, 48, 68, 0], 37307]
[[176, 64, 78, 0], 37322]
[[176, 64, 67, 0], 37327]
[[176, 64, 61, 0], 37333]
[[176, 64, 58, 0], 37339]
[[176, 64, 49, 0], 37345]
[[176, 64, 39, 0], 37351]
[[176, 64, 31, 0], 37357]
[[176, 64, 24, 0], 37363]
[[176, 64, 17, 0], 37369]
[[176, 64, 11, 0], 37375]
[[176, 64, 5, 0], 37381]
[[176, 64, 0, 0], 37388]
[[176, 64, 5, 0], 37520]
[[176, 64, 11, 0], 37526]
[[176, 64, 18, 0], 37532]
[[176, 64, 27, 0], 37538]
[[176, 64, 33, 0], 37544]
[[176, 64, 40, 0], 37551]
[[176, 64, 50, 0], 37556]
[[176, 64, 58, 0], 37563]
[[176, 64, 61, 0], 37568]
[[176, 64, 63, 0], 37575]
[[176, 64, 72, 0], 37580]
[[176, 64, 127, 0], 37587]
[[144, 64, 0, 0], 38201]
[[144, 72, 0, 0], 38234]
[[144, 67, 0, 0], 38266]
[[144, 48, 0, 0], 38411]
[[144, 69, 74, 0], 38711]
[[144, 72, 86, 0], 38711]
[[144, 53, 63, 0], 38717]
[[144, 65, 75, 0], 38717]
[[176, 64, 74, 0], 38720]
[[176, 64, 64, 0], 38726]
[[176, 64, 61, 0], 38732]
[[176, 64, 58, 0], 38738]
[[176, 64, 48, 0], 38744]
[[176, 64, 39, 0], 38750]
[[176, 64, 32, 0], 38756]
[[176, 64, 24, 0], 38762]
[[176, 64, 17, 0], 38768]
[[176, 64, 11, 0], 38774]
[[176, 64, 4, 0], 38780]
[[176, 64, 0, 0], 38786]
[[176, 64, 5, 0], 38942]
[[176, 64, 13, 0], 38948]
[[176, 64, 22, 0], 38954]
[[176, 64, 31, 0], 38960]
[[176, 64, 40, 0], 38966]
[[176, 64, 51, 0], 38972]
[[176, 64, 59, 0], 38978]
[[176, 64, 62, 0], 38984]
[[176, 64, 70, 0], 38990]
[[176, 64, 127, 0], 38996]
[[144, 65, 0, 0], 39187]
[[144, 69, 0, 0], 39191]
[[144, 72, 0, 0], 39199]
[[144, 53, 0, 0], 39388]
[[144, 74, 74, 0], 39997]
[[144, 50, 68, 0], 40005]
[[144, 69, 75, 0], 40005]
[[144, 66, 73, 0], 40010]
[[176, 64, 70, 0], 40040]
[[176, 64, 62, 0], 40046]
[[176, 64, 58, 0], 40053]
[[176, 64, 51, 0], 40058]
[[176, 64, 41, 0], 40064]
[[176, 64, 34, 0], 40070]
[[176, 64, 27, 0], 40076]
[[176, 64, 19, 0], 40082]
[[176, 64, 11, 0], 40088]
[[176, 64, 5, 0], 40094]
[[176, 64, 0, 0], 40100]
[[176, 64, 5, 0], 40231]
[[176, 64, 13, 0], 40237]
[[176, 64, 20, 0], 40244]
[[176, 64, 29, 0], 40250]
[[176, 64, 37, 0], 40255]
[[176, 64, 43, 0], 40262]
[[176, 64, 55, 0], 40268]
[[176, 64, 59, 0], 40274]
[[176, 64, 62, 0], 40280]
[[176, 64, 69, 0], 40286]
[[176, 64, 79, 0], 40292]
[[176, 64, 127, 0], 40297]
[[144, 66, 0, 0], 40583]
[[144, 69, 0, 0], 40619]
[[144, 74, 0, 0], 40634]
[[144, 50, 0, 0], 41067]
[[144, 74, 82, 0], 41450]
[[144, 67, 78, 0], 41456]
[[144, 71, 84, 0], 41456]
[[144, 55, 67, 0], 41457]
[[176, 64, 78, 0], 41485]
[[176, 64, 65, 0], 41491]
[[176, 64, 61, 0], 41497]
[[176, 64, 58, 0], 41503]
[[176, 64, 50, 0], 41509]
[[176, 64, 41, 0], 41515]
[[176, 64, 34, 0], 41522]
[[176, 64, 27, 0], 41527]
[[176, 64, 20, 0], 41533]
[[176, 64, 14, 0], 41539]
[[176, 64, 9, 0], 41545]
[[176, 64, 3, 0], 41551]
[[176, 64, 0, 0], 41557]
[[176, 64, 1, 0], 41659]
[[176, 64, 6, 0], 41665]
[[176, 64, 13, 0], 41672]
[[176, 64, 19, 0], 41677]
[[176, 64, 27, 0], 41684]
[[176, 64, 34, 0], 41689]
[[176, 64, 40, 0], 41696]
[[176, 64, 48, 0], 41701]
[[176, 64, 57, 0], 41707]
[[176, 64, 60, 0], 41713]
[[176, 64, 63, 0], 41720]
[[176, 64, 69, 0], 41725]
[[176, 64, 78, 0], 41731]
[[176, 64, 127, 0], 41737]
[[144, 71, 0, 0], 42665]
[[144, 55, 0, 0], 42677]
[[144, 67, 0, 0], 42684]
[[144, 74, 0, 0], 42743]
[[144, 70, 75, 0], 43325]
[[144, 62, 77, 0], 43329]
[[144, 67, 78, 0], 43329]
[[144, 43, 64, 0], 43337]
[[176, 64, 79, 0], 43364]
[[176, 64, 67, 0], 43370]
[[176, 64, 62, 0], 43376]
[[176, 64, 59, 0], 43382]
[[176, 64, 55, 0], 43388]
[[176, 64, 45, 0], 43394]
[[176, 64, 38, 0], 43400]
[[176, 64, 31, 0], 43406]
[[176, 64, 25, 0], 43412]
[[176, 64, 19, 0], 43418]
[[176, 64, 12, 0], 43424]
[[176, 64, 6, 0], 43429]
[[176, 64, 1, 0], 43435]
[[176, 64, 0, 0], 43441]
[[176, 64, 6, 0], 43579]
[[176, 64, 13, 0], 43586]
[[176, 64, 22, 0], 43591]
[[176, 64, 31, 0], 43597]
[[176, 64, 39, 0], 43603]
[[176, 64, 48, 0], 43609]
[[176, 64, 58, 0], 43615]
[[176, 64, 62, 0], 43622]
[[176, 64, 68, 0], 43627]
[[176, 64, 80, 0], 43634]
[[176, 64, 127, 0], 43639]
[[144, 70, 0, 0], 44536]
[[144, 67, 0, 0], 44539]
[[144, 43, 0, 0], 44618]
[[144, 62, 0, 0], 44681]
[[144, 69, 83, 0], 45062]
[[144, 60, 76, 0], 45069]
[[144, 65, 80, 0], 45069]
[[144, 53, 72, 0], 45076]
[[176, 64, 67, 0], 45097]
[[176, 64, 61, 0], 45104]
[[176, 64, 57, 0], 45109]
[[176, 64, 44, 0], 45116]
[[176, 64, 36, 0], 45121]
[[176, 64, 27, 0], 45128]
[[176, 64, 18, 0], 45133]
[[176, 64, 11, 0], 45139]
[[176, 64, 4, 0], 45145]
[[176, 64, 0, 0], 45151]
[[176, 64, 5, 0], 45301]
[[176, 64, 13, 0], 45307]
[[176, 64, 21, 0], 45313]
[[176, 64, 29, 0], 45320]
[[176, 64, 38, 0], 45325]
[[176, 64, 46, 0], 45332]
[[176, 64, 57, 0], 45337]
[[176, 64, 61, 0], 45343]
[[176, 64, 64, 0], 45349]
[[176, 64, 76, 0], 45356]
[[176, 64, 127, 0], 45361]
[[144, 60, 0, 0], 46575]
[[144, 65, 0, 0], 46840]
[[144, 69, 0, 0], 46865]
[[144, 53, 0, 0], 46892]
[[144, 70, 89, 0], 47068]
[[144, 65, 79, 0], 47078]
[[144, 46, 72, 0], 47082]
[[144, 62, 81, 0], 47082]
[[176, 64, 70, 0], 47107]
[[176, 64, 62, 0], 47113]
[[176, 64, 59, 0], 47119]
[[176, 64, 52, 0], 47125]
[[176, 64, 41, 0], 47131]
[[176, 64, 34, 0], 47137]
[[176, 64, 27, 0], 47143]
[[176, 64, 18, 0], 47149]
[[176, 64, 11, 0], 47155]
[[176, 64, 5, 0], 47161]
[[176, 64, 0, 0], 47167]
[[176, 64, 5, 0], 47342]
[[176, 64, 13, 0], 47348]
[[176, 64, 21, 0], 47354]
[[176, 64, 30, 0], 47360]
[[176, 64, 39, 0], 47366]
[[176, 64, 49, 0], 47372]
[[176, 64, 58, 0], 47378]
[[176, 64, 62, 0], 47384]
[[176, 64, 69, 0], 47390]
[[176, 64, 80, 0], 47396]
[[176, 64, 127, 0], 47402]
[[144, 46, 0, 0], 48094]
[[144, 62, 0, 0], 48115]
[[144, 70, 0, 0], 48129]
[[144, 65, 0, 0], 48185]
[[144, 63, 79, 0], 48867]
[[144, 70, 78, 0], 48867]
[[144, 67, 82, 0], 48867]
[[144, 51, 72, 0], 48869]
[[176, 64, 80, 0], 48889]
[[176, 64, 69, 0], 48895]
[[176, 64, 62, 0], 48901]
[[176, 64, 59, 0], 48907]
[[176, 64, 56, 0], 48913]
[[176, 64, 44, 0], 48919]
[[176, 64, 38, 0], 48925]
[[176, 64, 29, 0], 48931]
[[176, 64, 21, 0], 48937]
[[176, 64, 13, 0], 48943]
[[176, 64, 7, 0], 48949]
[[176, 64, 1, 0], 48955]
[[176, 64, 0, 0], 48961]
[[176, 64, 7, 0], 49183]
[[176, 64, 15, 0], 49189]
[[176, 64, 24, 0], 49196]
[[176, 64, 34, 0], 49201]
[[176, 64, 42, 0], 49207]
[[176, 64, 54, 0], 49213]
[[176, 64, 59, 0], 49219]
[[176, 64, 62, 0], 49225]
[[176, 64, 69, 0], 49231]
[[176, 64, 80, 0], 49238]
[[176, 64, 127, 0], 49243]
[[144, 67, 0, 0], 50520]
[[144, 70, 0, 0], 50543]
[[144, 63, 0, 0], 50554]
[[144, 70, 87, 0], 50976]
[[144, 51, 0, 0], 50982]
[[144, 50, 69, 0], 50985]
[[144, 65, 76, 0], 50985]
[[144, 62, 80, 0], 50985]
[[176, 64, 75, 0], 51025]
[[176, 64, 65, 0], 51031]
[[176, 64, 62, 0], 51037]
[[176, 64, 60, 0], 51043]
[[176, 64, 57, 0], 51049]
[[176, 64, 49, 0], 51055]
[[176, 64, 40, 0], 51061]
[[176, 64, 35, 0], 51067]
[[176, 64, 28, 0], 51073]
[[176, 64, 20, 0], 51079]
[[176, 64, 13, 0], 51085]
[[176, 64, 6, 0], 51091]
[[176, 64, 1, 0], 51097]
[[176, 64, 0, 0], 51103]
[[176, 64, 2, 0], 51271]
[[176, 64, 9, 0], 51278]
[[176, 64, 15, 0], 51283]
[[176, 64, 24, 0], 51290]
[[176, 64, 32, 0], 51295]
[[176, 64, 40, 0], 51301]
[[176, 64, 49, 0], 51308]
[[176, 64, 58, 0], 51313]
[[176, 64, 61, 0], 51320]
[[176, 64, 63, 0], 51325]
[[176, 64, 73, 0], 51332]
[[176, 64, 127, 0], 51338]
[[144, 65, 0, 0], 52475]
[[144, 70, 0, 0], 52492]
[[144, 62, 0, 0], 52567]
[[144, 69, 89, 0], 52847]
[[144, 63, 87, 0], 52851]
[[144, 60, 79, 0], 52857]
[[144, 53, 65, 0], 52871]
[[144, 50, 0, 0], 52873]
[[176, 64, 74, 0], 52879]
[[176, 64, 64, 0], 52885]
[[176, 64, 61, 0], 52891]
[[176, 64, 58, 0], 52897]
[[176, 64, 51, 0], 52903]
[[176, 64, 41, 0], 52909]
[[176, 64, 36, 0], 52915]
[[176, 64, 28, 0], 52921]
[[176, 64, 21, 0], 52927]
[[176, 64, 13, 0], 52933]
[[176, 64, 6, 0], 52939]
[[176, 64, 0, 0], 52945]
[[176, 64, 2, 0], 53203]
[[176, 64, 9, 0], 53209]
[[176, 64, 15, 0], 53215]
[[176, 64, 23, 0], 53221]
[[176, 64, 32, 0], 53226]
[[176, 64, 39, 0], 53233]
[[176, 64, 47, 0], 53238]
[[176, 64, 58, 0], 53244]
[[176, 64, 60, 0], 53250]
[[176, 64, 63, 0], 53257]
[[176, 64, 72, 0], 53263]
[[176, 64, 127, 0], 53269]
[[144, 69, 0, 0], 54432]
[[144, 60, 0, 0], 54449]
[[144, 63, 0, 0], 54630]
[[144, 70, 71, 0], 55314]
[[144, 67, 70, 0], 55323]
[[144, 55, 64, 0], 55326]
[[144, 62, 61, 0], 55331]
[[144, 53, 0, 0], 55343]
[[176, 64, 80, 0], 55357]
[[176, 64, 70, 0], 55363]
[[176, 64, 63, 0], 55369]
[[176, 64, 60, 0], 55375]
[[176, 64, 58, 0], 55381]
[[176, 64, 49, 0], 55387]
[[176, 64, 41, 0], 55393]
[[176, 64, 35, 0], 55399]
[[176, 64, 28, 0], 55405]
[[176, 64, 21, 0], 55410]
[[176, 64, 15, 0], 55416]
[[176, 64, 9, 0], 55422]
[[176, 64, 3, 0], 55429]
[[176, 64, 0, 0], 55434]
[[176, 64, 1, 0], 55662]
[[176, 64, 6, 0], 55669]
[[176, 64, 13, 0], 55675]
[[176, 64, 21, 0], 55681]
[[176, 64, 29, 0], 55687]
[[176, 64, 37, 0], 55693]
[[176, 64, 44, 0], 55699]
[[176, 64, 54, 0], 55705]
[[176, 64, 59, 0], 55711]
[[176, 64, 62, 0], 55717]
[[176, 64, 65, 0], 55723]
[[176, 64, 75, 0], 55729]
[[176, 64, 127, 0], 55735]
[[144, 55, 0, 0], 56872]
[[144, 62, 0, 0], 56916]
[[144, 67, 0, 0], 56921]
[[144, 70, 0, 0], 57003]
[[144, 72, 76, 0], 58040]
[[144, 60, 69, 0], 58050]
[[144, 64, 72, 0], 58050]
[[144, 67, 71, 0], 58053]
[[144, 58, 64, 0], 58060]
[[144, 48, 64, 0], 58067]
[[176, 64, 76, 0], 58075]
[[176, 64, 67, 0], 58081]
[[176, 64, 62, 0], 58088]
[[176, 64, 60, 0], 58093]
[[176, 64, 57, 0], 58099]
[[176, 64, 50, 0], 58105]
[[176, 64, 42, 0], 58111]
[[176, 64, 38, 0], 58117]
[[176, 64, 31, 0], 58123]
[[176, 64, 25, 0], 58129]
[[176, 64, 19, 0], 58135]
[[176, 64, 13, 0], 58141]
[[176, 64, 8, 0], 58146]
[[176, 64, 2, 0], 58152]
[[176, 64, 0, 0], 58158]
[[176, 64, 6, 0], 58382]
[[176, 64, 13, 0], 58387]
[[176, 64, 21, 0], 58393]
[[176, 64, 30, 0], 58399]
[[176, 64, 38, 0], 58405]
[[176, 64, 45, 0], 58411]
[[176, 64, 57, 0], 58417]
[[176, 64, 60, 0], 58423]
[[176, 64, 63, 0], 58429]
[[176, 64, 69, 0], 58435]
[[176, 64, 76, 0], 58441]
[[176, 64, 127, 0], 58447]
[[144, 48, 0, 0], 59200]
[[144, 64, 0, 0], 59201]
[[144, 60, 0, 0], 59246]
[[144, 72, 0, 0], 59251]
[[144, 67, 0, 0], 59315]
[[144, 58, 0, 0], 59364]
[[144, 72, 76, 0], 59773]
[[144, 65, 66, 0], 59784]
[[144, 60, 65, 0], 59784]
[[144, 69, 71, 0], 59784]
[[144, 57, 62, 0], 59786]
[[144, 53, 71, 0], 59792]
[[176, 64, 76, 0], 59803]
[[176, 64, 67, 0], 59809]
[[176, 64, 62, 0], 59815]
[[176, 64, 60, 0], 59821]
[[176, 64, 57, 0], 59826]
[[176, 64, 49, 0], 59833]
[[176, 64, 41, 0], 59838]
[[176, 64, 35, 0], 59844]
[[176, 64, 28, 0], 59850]
[[176, 64, 21, 0], 59857]
[[176, 64, 14, 0], 59862]
[[176, 64, 7, 0], 59868]
[[176, 64, 1, 0], 59875]
[[176, 64, 0, 0], 59880]
[[176, 64, 3, 0], 60096]
[[176, 64, 9, 0], 60102]
[[176, 64, 17, 0], 60109]
[[176, 64, 24, 0], 60114]
[[176, 64, 32, 0], 60121]
[[176, 64, 39, 0], 60126]
[[176, 64, 47, 0], 60133]
[[176, 64, 57, 0], 60138]
[[176, 64, 60, 0], 60145]
[[176, 64, 62, 0], 60150]
[[176, 64, 67, 0], 60156]
[[176, 64, 74, 0], 60162]
[[176, 64, 127, 0], 60169]
[[144, 60, 0, 0], 60531]
[[144, 65, 0, 0], 60548]
[[144, 72, 0, 0], 60587]
[[144, 69, 0, 0], 60604]
[[144, 57, 0, 0], 60809]
[[144, 53, 0, 0], 60863]
[[144, 74, 86, 0], 62040]
[[144, 54, 75, 0], 62051]
[[144, 60, 75, 0], 62051]
[[144, 66, 79, 0], 62051]
[[144, 69, 82, 0], 62051]
[[144, 45, 67, 0], 62054]
[[176, 64, 80, 0], 62071]
[[176, 64, 70, 0], 62077]
[[176, 64, 63, 0], 62083]
[[176, 64, 61, 0], 62089]
[[176, 64, 58, 0], 62095]
[[176, 64, 53, 0], 62101]
[[176, 64, 45, 0], 62107]
[[176, 64, 40, 0], 62113]
[[176, 64, 34, 0], 62119]
[[176, 64, 28, 0], 62125]
[[176, 64, 21, 0], 62131]
[[176, 64, 13, 0], 62137]
[[176, 64, 6, 0], 62142]
[[176, 64, 0, 0], 62148]
[[176, 64, 1, 0], 62389]
[[176, 64, 7, 0], 62395]
[[176, 64, 13, 0], 62401]
[[176, 64, 21, 0], 62407]
[[176, 64, 29, 0], 62413]
[[176, 64, 38, 0], 62419]
[[176, 64, 44, 0], 62424]
[[176, 64, 55, 0], 62430]
[[176, 64, 59, 0], 62436]
[[176, 64, 62, 0], 62442]
[[176, 64, 67, 0], 62448]
[[176, 64, 75, 0], 62455]
[[176, 64, 127, 0], 62461]
[[144, 45, 0, 0], 62796]
[[144, 54, 0, 0], 62855]
[[144, 60, 0, 0], 62857]
[[144, 66, 0, 0], 62892]
[[144, 74, 0, 0], 62899]
[[144, 69, 0, 0], 62972]
[[144, 74, 84, 0], 64396]
[[144, 67, 76, 0], 64403]
[[144, 71, 79, 0], 64403]
[[144, 59, 74, 0], 64408]
[[144, 43, 61, 0], 64408]
[[144, 62, 75, 0], 64408]
[[144, 50, 71, 0], 64409]
[[176, 64, 72, 0], 64446]
[[176, 64, 65, 0], 64453]
[[176, 64, 62, 0], 64459]
[[176, 64, 61, 0], 64465]
[[176, 64, 59, 0], 64471]
[[176, 64, 58, 0], 64477]
[[176, 64, 55, 0], 64483]
[[176, 64, 50, 0], 64489]
[[176, 64, 46, 0], 64495]
[[176, 64, 42, 0], 64500]
[[176, 64, 40, 0], 64506]
[[176, 64, 37, 0], 64513]
[[176, 64, 34, 0], 64519]
[[176, 64, 30, 0], 64525]
[[176, 64, 27, 0], 64531]
[[176, 64, 23, 0], 64536]
[[176, 64, 19, 0], 64542]
[[176, 64, 15, 0], 64548]
[[176, 64, 12, 0], 64555]
[[176, 64, 9, 0], 64561]
[[176, 64, 5, 0], 64567]
[[176, 64, 3, 0], 64573]
[[176, 64, 0, 0], 64579]
[[176, 64, 1, 0], 64908]
[[176, 64, 8, 0], 64915]
[[176, 64, 14, 0], 64921]
[[176, 64, 21, 0], 64927]
[[176, 64, 29, 0], 64933]
[[176, 64, 37, 0], 64939]
[[176, 64, 42, 0], 64945]
[[176, 64, 52, 0], 64951]
[[176, 64, 58, 0], 64957]
[[176, 64, 61, 0], 64963]
[[176, 64, 63, 0], 64969]
[[176, 64, 69, 0], 64975]
[[176, 64, 76, 0], 64981]
[[176, 64, 127, 0], 64987]
[[144, 59, 0, 0], 65502]
[[144, 43, 0, 0], 65613]
[[144, 62, 0, 0], 65717]
[[144, 67, 0, 0], 65749]
[[144, 50, 0, 0], 65758]
[[144, 71, 0, 0], 65758]
[[144, 74, 0, 0], 65787]
[[144, 70, 79, 0], 66051]
[[144, 74, 83, 0], 66051]
[[144, 62, 79, 0], 66051]
[[144, 67, 76, 0], 66051]
[[176, 64, 75, 0], 66053]
[[176, 64, 63, 0], 66058]
[[176, 64, 59, 0], 66066]
[[144, 58, 84, 0], 66066]
[[176, 64, 52, 0], 66070]
[[176, 64, 41, 0], 66076]
[[176, 64, 34, 0], 66082]
[[176, 64, 27, 0], 66088]
[[176, 64, 18, 0], 66094]
[[176, 64, 10, 0], 66100]
[[176, 64, 3, 0], 66106]
[[176, 64, 0, 0], 66112]
[[176, 64, 4, 0], 66280]
[[176, 64, 11, 0], 66287]
[[176, 64, 19, 0], 66292]
[[176, 64, 28, 0], 66298]
[[176, 64, 37, 0], 66304]
[[176, 64, 43, 0], 66310]
[[176, 64, 56, 0], 66317]
[[176, 64, 60, 0], 66322]
[[176, 64, 63, 0], 66328]
[[176, 64, 72, 0], 66335]
[[176, 64, 127, 0], 66340]
[[144, 67, 0, 0], 66658]
[[144, 62, 0, 0], 66661]
[[144, 74, 0, 0], 66686]
[[144, 70, 0, 0], 66704]
[[144, 58, 0, 0], 66850]
[[144, 75, 94, 0], 67341]
[[144, 63, 84, 0], 67344]
[[144, 72, 76, 0], 67347]
[[144, 67, 78, 0], 67356]
[[144, 55, 84, 0], 67356]
[[176, 64, 79, 0], 67373]
[[176, 64, 70, 0], 67379]
[[176, 64, 63, 0], 67385]
[[176, 64, 60, 0], 67391]
[[176, 64, 57, 0], 67397]
[[176, 64, 46, 0], 67403]
[[176, 64, 38, 0], 67409]
[[176, 64, 30, 0], 67415]
[[176, 64, 22, 0], 67421]
[[176, 64, 13, 0], 67426]
[[176, 64, 6, 0], 67432]
[[176, 64, 0, 0], 67438]
[[176, 64, 1, 0], 67594]
[[176, 64, 7, 0], 67601]
[[176, 64, 13, 0], 67608]
[[176, 64, 21, 0], 67613]
[[176, 64, 29, 0], 67619]
[[176, 64, 37, 0], 67625]
[[176, 64, 42, 0], 67631]
[[176, 64, 52, 0], 67637]
[[176, 64, 58, 0], 67643]
[[176, 64, 61, 0], 67649]
[[176, 64, 64, 0], 67655]
[[176, 64, 73, 0], 67661]
[[176, 64, 127, 0], 67667]
[[144, 67, 0, 0], 67952]
[[144, 72, 0, 0], 67968]
[[144, 75, 0, 0], 67973]
[[144, 63, 0, 0], 68060]
[[144, 55, 0, 0], 68319]
[[144, 69, 84, 0], 68536]
[[144, 53, 75, 0], 68536]
[[144, 60, 75, 0], 68536]
[[144, 65, 78, 0], 68536]
[[176, 64, 78, 0], 68567]
[[176, 64, 64, 0], 68573]
[[176, 64, 61, 0], 68579]
[[176, 64, 57, 0], 68585]
[[176, 64, 46, 0], 68591]
[[176, 64, 38, 0], 68597]
[[176, 64, 29, 0], 68603]
[[176, 64, 22, 0], 68609]
[[176, 64, 15, 0], 68615]
[[176, 64, 10, 0], 68621]
[[176, 64, 5, 0], 68626]
[[176, 64, 0, 0], 68632]
[[176, 64, 2, 0], 68752]
[[176, 64, 8, 0], 68759]
[[176, 64, 14, 0], 68765]
[[176, 64, 21, 0], 68771]
[[176, 64, 29, 0], 68777]
[[176, 64, 38, 0], 68782]
[[176, 64, 44, 0], 68788]
[[176, 64, 56, 0], 68795]
[[176, 64, 60, 0], 68800]
[[176, 64, 63, 0], 68807]
[[176, 64, 72, 0], 68813]
[[176, 64, 127, 0], 68819]
[[144, 60, 0, 0], 69306]
[[144, 65, 0, 0], 69324]
[[144, 53, 0, 0], 69342]
[[144, 69, 0, 0], 69478]
[[144, 34, 72, 0], 69861]
[[144, 70, 94, 0], 69861]
[[144, 65, 90, 0], 69867]
[[144, 62, 87, 0], 69868]
[[176, 64, 80, 0], 69898]
[[176, 64, 67, 0], 69905]
[[176, 64, 61, 0], 69910]
[[176, 64, 58, 0], 69916]
[[176, 64, 50, 0], 69922]
[[176, 64, 41, 0], 69928]
[[176, 64, 35, 0], 69934]
[[176, 64, 28, 0], 69940]
[[176, 64, 21, 0], 69946]
[[176, 64, 15, 0], 69952]
[[176, 64, 9, 0], 69959]
[[176, 64, 3, 0], 69964]
[[176, 64, 0, 0], 69970]
[[176, 64, 7, 0], 70127]
[[176, 64, 15, 0], 70133]
[[176, 64, 25, 0], 70139]
[[176, 64, 35, 0], 70145]
[[176, 64, 44, 0], 70151]
[[176, 64, 58, 0], 70157]
[[176, 64, 62, 0], 70163]
[[176, 64, 70, 0], 70169]
[[176, 64, 127, 0], 70175]
[[144, 34, 0, 0], 70403]
[[144, 65, 0, 0], 70421]
[[144, 62, 0, 0], 70425]
[[144, 70, 0, 0], 70459]
[[144, 70, 66, 0], 72512]
[[144, 72, 64, 0], 72516]
[[144, 77, 68, 0], 72516]
[[144, 65, 58, 0], 72518]
[[144, 58, 57, 0], 72527]
[[176, 64, 73, 0], 72551]
[[176, 64, 65, 0], 72557]
[[176, 64, 62, 0], 72562]
[[176, 64, 60, 0], 72568]
[[176, 64, 59, 0], 72574]
[[176, 64, 55, 0], 72581]
[[176, 64, 47, 0], 72587]
[[176, 64, 41, 0], 72593]
[[176, 64, 37, 0], 72599]
[[176, 64, 31, 0], 72604]
[[176, 64, 25, 0], 72611]
[[176, 64, 20, 0], 72616]
[[176, 64, 15, 0], 72623]
[[176, 64, 9, 0], 72628]
[[176, 64, 5, 0], 72634]
[[176, 64, 0, 0], 72640]
[[176, 64, 5, 0], 72880]
[[176, 64, 11, 0], 72886]
[[176, 64, 18, 0], 72892]
[[176, 64, 25, 0], 72898]
[[176, 64, 32, 0], 72904]
[[176, 64, 39, 0], 72910]
[[176, 64, 46, 0], 72916]
[[176, 64, 56, 0], 72922]
[[176, 64, 59, 0], 72928]
[[176, 64, 62, 0], 72934]
[[176, 64, 65, 0], 72940]
[[176, 64, 72, 0], 72946]
[[176, 64, 80, 0], 72953]
[[176, 64, 127, 0], 72958]
[[144, 77, 0, 0], 73501]
[[144, 70, 0, 0], 73513]
[[144, 72, 0, 0], 73513]
[[144, 65, 0, 0], 73563]
[[144, 58, 0, 0], 73564]
[[144, 77, 71, 0], 73920]
[[144, 65, 51, 0], 73929]
[[144, 69, 62, 0], 73929]
[[144, 72, 67, 0], 73929]
[[144, 57, 50, 0], 73934]
[[176, 64, 74, 0], 73949]
[[176, 64, 68, 0], 73954]
[[176, 64, 63, 0], 73961]
[[176, 64, 61, 0], 73967]
[[176, 64, 59, 0], 73972]
[[176, 64, 57, 0], 73979]
[[176, 64, 48, 0], 73984]
[[176, 64, 41, 0], 73991]
[[176, 64, 35, 0], 73996]
[[176, 64, 28, 0], 74003]
[[176, 64, 21, 0], 74008]
[[176, 64, 15, 0], 74015]
[[176, 64, 10, 0], 74020]
[[176, 64, 5, 0], 74026]
[[176, 64, 2, 0], 74032]
[[176, 64, 0, 0], 74038]
[[176, 64, 1, 0], 74217]
[[176, 64, 7, 0], 74224]
[[176, 64, 13, 0], 74230]
[[176, 64, 21, 0], 74237]
[[176, 64, 28, 0], 74242]
[[176, 64, 35, 0], 74248]
[[176, 64, 41, 0], 74254]
[[176, 64, 49, 0], 74260]
[[176, 64, 57, 0], 74266]
[[176, 64, 60, 0], 74272]
[[176, 64, 62, 0], 74279]
[[176, 64, 65, 0], 74284]
[[176, 64, 72, 0], 74290]
[[176, 64, 80, 0], 74296]
[[176, 64, 127, 0], 74302]
[[144, 77, 0, 0], 74827]
[[144, 65, 0, 0], 74854]
[[144, 72, 0, 0], 74870]
[[144, 69, 0, 0], 74887]
[[144, 57, 0, 0], 74890]
[[144, 75, 71, 0], 75953]
[[144, 68, 63, 0], 75963]
[[144, 63, 51, 0], 75969]
[[144, 70, 66, 0], 75969]
[[176, 64, 73, 0], 75982]
[[144, 56, 55, 0], 75986]
[[176, 64, 64, 0], 75989]
[[176, 64, 61, 0], 75995]
[[176, 64, 59, 0], 76000]
[[176, 64, 56, 0], 76007]
[[176, 64, 47, 0], 76012]
[[176, 64, 40, 0], 76018]
[[176, 64, 34, 0], 76024]
[[176, 64, 29, 0], 76030]
[[176, 64, 22, 0], 76037]
[[176, 64, 17, 0], 76042]
[[176, 64, 12, 0], 76048]
[[176, 64, 8, 0], 76054]
[[176, 64, 3, 0], 76060]
[[176, 64, 0, 0], 76066]
[[176, 64, 2, 0], 76204]
[[176, 64, 6, 0], 76210]
[[176, 64, 11, 0], 76217]
[[176, 64, 15, 0], 76222]
[[176, 64, 21, 0], 76228]
[[176, 64, 28, 0], 76235]
[[176, 64, 34, 0], 76241]
[[176, 64, 39, 0], 76246]
[[176, 64, 46, 0], 76253]
[[176, 64, 55, 0], 76258]
[[176, 64, 59, 0], 76265]
[[176, 64, 61, 0], 76270]
[[176, 64, 63, 0], 76277]
[[176, 64, 70, 0], 76282]
[[176, 64, 79, 0], 76289]
[[176, 64, 127, 0], 76294]
[[144, 75, 0, 0], 76566]
[[144, 70, 0, 0], 76579]
[[144, 63, 0, 0], 76605]
[[144, 68, 0, 0], 76605]
[[144, 56, 0, 0], 76689]
[[144, 75, 76, 0], 77482]
[[144, 63, 57, 0], 77499]
[[144, 70, 63, 0], 77499]
[[144, 67, 68, 0], 77499]
[[144, 55, 59, 0], 77516]
[[176, 64, 74, 0], 77524]
[[176, 64, 67, 0], 77530]
[[176, 64, 63, 0], 77536]
[[176, 64, 61, 0], 77542]
[[176, 64, 59, 0], 77548]
[[176, 64, 55, 0], 77554]
[[176, 64, 47, 0], 77560]
[[176, 64, 40, 0], 77566]
[[176, 64, 35, 0], 77572]
[[176, 64, 29, 0], 77578]
[[176, 64, 23, 0], 77584]
[[176, 64, 17, 0], 77590]
[[176, 64, 11, 0], 77597]
[[176, 64, 6, 0], 77602]
[[176, 64, 1, 0], 77608]
[[176, 64, 0, 0], 77614]
[[176, 64, 4, 0], 77854]
[[176, 64, 11, 0], 77860]
[[176, 64, 18, 0], 77866]
[[176, 64, 25, 0], 77872]
[[176, 64, 33, 0], 77878]
[[176, 64, 39, 0], 77884]
[[176, 64, 46, 0], 77890]
[[176, 64, 56, 0], 77896]
[[176, 64, 59, 0], 77902]
[[176, 64, 61, 0], 77908]
[[176, 64, 64, 0], 77914]
[[176, 64, 71, 0], 77920]
[[176, 64, 79, 0], 77926]
[[176, 64, 127, 0], 77933]
[[144, 63, 0, 0], 78837]
[[144, 75, 0, 0], 78973]
[[144, 55, 0, 0], 78988]
[[144, 67, 0, 0], 78999]
[[144, 70, 0, 0], 79014]
[[144, 63, 65, 0], 80925]
[[144, 60, 62, 0], 80932]
[[144, 56, 53, 0], 80935]
[[144, 44, 53, 0], 80942]
[[176, 64, 80, 0], 80950]
[[176, 64, 70, 0], 80956]
[[176, 64, 63, 0], 80962]
[[176, 64, 61, 0], 80968]
[[176, 64, 59, 0], 80975]
[[176, 64, 55, 0], 80980]
[[176, 64, 48, 0], 80986]
[[176, 64, 42, 0], 80992]
[[176, 64, 39, 0], 80998]
[[176, 64, 36, 0], 81005]
[[176, 64, 31, 0], 81010]
[[176, 64, 27, 0], 81017]
[[176, 64, 23, 0], 81022]
[[176, 64, 21, 0], 81028]
[[176, 64, 18, 0], 81033]
[[176, 64, 15, 0], 81039]
[[176, 64, 12, 0], 81046]
[[176, 64, 9, 0], 81052]
[[176, 64, 6, 0], 81058]
[[176, 64, 4, 0], 81063]
[[176, 64, 2, 0], 81070]
[[176, 64, 0, 0], 81076]
[[176, 64, 2, 0], 81154]
[[176, 64, 6, 0], 81166]
[[176, 64, 9, 0], 81172]
[[176, 64, 13, 0], 81179]
[[176, 64, 18, 0], 81184]
[[176, 64, 23, 0], 81190]
[[176, 64, 30, 0], 81196]
[[176, 64, 36, 0], 81202]
[[176, 64, 41, 0], 81208]
[[176, 64, 48, 0], 81215]
[[176, 64, 57, 0], 81220]
[[176, 64, 60, 0], 81227]
[[176, 64, 62, 0], 81232]
[[176, 64, 68, 0], 81238]
[[176, 64, 78, 0], 81244]
[[176, 64, 127, 0], 81250]
[[144, 56, 0, 0], 82274]
[[144, 63, 0, 0], 82385]
[[144, 60, 0, 0], 82442]
[[144, 44, 0, 0], 82756]
[[144, 61, 52, 0], 83572]
[[144, 54, 50, 0], 83577]
[[144, 58, 56, 0], 83577]
[[144, 42, 45, 0], 83597]
[[176, 64, 76, 0], 83626]
[[176, 64, 69, 0], 83632]
[[176, 64, 63, 0], 83639]
[[176, 64, 61, 0], 83644]
[[176, 64, 59, 0], 83651]
[[176, 64, 58, 0], 83656]
[[176, 64, 52, 0], 83663]
[[176, 64, 45, 0], 83668]
[[176, 64, 41, 0], 83675]
[[176, 64, 37, 0], 83680]
[[176, 64, 33, 0], 83687]
[[176, 64, 29, 0], 83692]
[[176, 64, 25, 0], 83699]
[[176, 64, 21, 0], 83704]
[[176, 64, 18, 0], 83711]
[[176, 64, 14, 0], 83716]
[[176, 64, 11, 0], 83723]
[[176, 64, 8, 0], 83727]
[[176, 64, 5, 0], 83733]
[[176, 64, 2, 0], 83739]
[[176, 64, 0, 0], 83745]
[[176, 64, 2, 0], 83944]
[[176, 64, 7, 0], 83950]
[[176, 64, 12, 0], 83956]
[[176, 64, 18, 0], 83962]
[[176, 64, 24, 0], 83968]
[[176, 64, 31, 0], 83974]
[[176, 64, 38, 0], 83980]
[[176, 64, 43, 0], 83986]
[[176, 64, 52, 0], 83992]
[[176, 64, 58, 0], 83998]
[[176, 64, 61, 0], 84004]
[[176, 64, 63, 0], 84010]
[[176, 64, 68, 0], 84016]
[[176, 64, 75, 0], 84022]
[[176, 64, 127, 0], 84028]
[[144, 54, 0, 0], 84350]
[[144, 58, 0, 0], 84360]
[[144, 61, 0, 0], 84409]
[[144, 42, 0, 0], 84593]
[[144, 61, 61, 0], 85132]
[[144, 66, 62, 0], 85132]
[[144, 70, 62, 0], 85137]
[[144, 58, 50, 0], 85149]
[[176, 64, 80, 0], 85162]
[[176, 64, 70, 0], 85168]
[[176, 64, 63, 0], 85174]
[[176, 64, 60, 0], 85180]
[[176, 64, 58, 0], 85186]
[[176, 64, 53, 0], 85192]
[[176, 64, 45, 0], 85198]
[[176, 64, 40, 0], 85205]
[[176, 64, 34, 0], 85210]
[[176, 64, 29, 0], 85217]
[[176, 64, 24, 0], 85222]
[[176, 64, 20, 0], 85228]
[[176, 64, 17, 0], 85234]
[[176, 64, 13, 0], 85240]
[[176, 64, 11, 0], 85246]
[[176, 64, 9, 0], 85252]
[[176, 64, 6, 0], 85258]
[[176, 64, 4, 0], 85270]
[[176, 64, 7, 0], 85306]
[[176, 64, 11, 0], 85318]
[[176, 64, 13, 0], 85324]
[[176, 64, 15, 0], 85329]
[[176, 64, 19, 0], 85335]
[[176, 64, 22, 0], 85342]
[[176, 64, 27, 0], 85347]
[[176, 64, 31, 0], 85354]
[[176, 64, 38, 0], 85359]
[[176, 64, 42, 0], 85365]
[[176, 64, 50, 0], 85371]
[[176, 64, 58, 0], 85377]
[[176, 64, 60, 0], 85383]
[[176, 64, 63, 0], 85389]
[[176, 64, 72, 0], 85396]
[[176, 64, 127, 0], 85401]
[[144, 61, 0, 0], 85648]
[[144, 58, 0, 0], 85771]
[[144, 70, 0, 0], 85779]
[[144, 66, 0, 0], 85977]
[[144, 68, 66, 0], 86895]
[[144, 72, 71, 0], 86898]
[[144, 63, 59, 0], 86900]
[[144, 60, 48, 0], 86920]
[[176, 64, 72, 0], 86926]
[[176, 64, 64, 0], 86932]
[[176, 64, 62, 0], 86938]
[[176, 64, 59, 0], 86944]
[[176, 64, 56, 0], 86950]
[[176, 64, 47, 0], 86955]
[[176, 64, 40, 0], 86961]
[[176, 64, 34, 0], 86967]
[[176, 64, 28, 0], 86974]
[[176, 64, 21, 0], 86980]
[[176, 64, 15, 0], 86986]
[[176, 64, 10, 0], 86991]
[[176, 64, 5, 0], 86997]
[[176, 64, 1, 0], 87003]
[[176, 64, 0, 0], 87009]
[[176, 64, 2, 0], 87142]
[[176, 64, 8, 0], 87148]
[[176, 64, 13, 0], 87154]
[[176, 64, 21, 0], 87160]
[[176, 64, 28, 0], 87166]
[[176, 64, 36, 0], 87172]
[[176, 64, 41, 0], 87178]
[[176, 64, 50, 0], 87184]
[[176, 64, 58, 0], 87190]
[[176, 64, 60, 0], 87196]
[[176, 64, 62, 0], 87202]
[[176, 64, 68, 0], 87208]
[[176, 64, 74, 0], 87214]
[[176, 64, 127, 0], 87221]
[[144, 63, 0, 0], 87494]
[[144, 72, 0, 0], 87543]
[[144, 68, 0, 0], 87555]
[[144, 60, 0, 0], 87757]
[[144, 73, 73, 0], 89265]
[[144, 68, 63, 0], 89274]
[[144, 64, 59, 0], 89277]
[[144, 61, 54, 0], 89287]
[[176, 64, 78, 0], 89320]
[[176, 64, 70, 0], 89326]
[[176, 64, 63, 0], 89332]
[[176, 64, 62, 0], 89338]
[[176, 64, 60, 0], 89344]
[[176, 64, 58, 0], 89350]
[[176, 64, 53, 0], 89356]
[[176, 64, 45, 0], 89362]
[[176, 64, 40, 0], 89367]
[[176, 64, 36, 0], 89373]
[[176, 64, 30, 0], 89379]
[[176, 64, 25, 0], 89386]
[[176, 64, 20, 0], 89392]
[[176, 64, 15, 0], 89398]
[[176, 64, 11, 0], 89404]
[[176, 64, 6, 0], 89409]
[[176, 64, 3, 0], 89416]
[[176, 64, 0, 0], 89422]
[[176, 64, 3, 0], 89607]
[[176, 64, 8, 0], 89613]
[[176, 64, 14, 0], 89619]
[[176, 64, 21, 0], 89625]
[[176, 64, 29, 0], 89631]
[[176, 64, 37, 0], 89637]
[[176, 64, 41, 0], 89643]
[[176, 64, 50, 0], 89649]
[[176, 64, 58, 0], 89655]
[[176, 64, 60, 0], 89661]
[[176, 64, 63, 0], 89667]
[[176, 64, 69, 0], 89673]
[[176, 64, 76, 0], 89679]
[[176, 64, 127, 0], 89685]
[[144, 61, 0, 0], 89967]
[[144, 73, 0, 0], 89989]
[[144, 68, 0, 0], 89998]
[[144, 64, 0, 0], 89999]
[[176, 64, 75, 0], 92356]
[[176, 64, 64, 0], 92362]
[[176, 64, 61, 0], 92368]
[[176, 64, 59, 0], 92374]
[[176, 64, 54, 0], 92380]
[[176, 64, 46, 0], 92386]
[[176, 64, 40, 0], 92392]
[[176, 64, 35, 0], 92398]
[[176, 64, 30, 0], 92404]
[[176, 64, 24, 0], 92410]
[[176, 64, 19, 0], 92416]
[[176, 64, 14, 0], 92422]
[[176, 64, 9, 0], 92427]
[[176, 64, 4, 0], 92433]
[[176, 64, 0, 0], 92440]
[[144, 70, 68, 0], 98116]
[[144, 63, 62, 0], 98118]
[[144, 60, 59, 0], 98121]
[[144, 67, 61, 0], 98133]
[[144, 46, 55, 0], 98141]
[[176, 64, 1, 0], 98397]
[[176, 64, 5, 0], 98403]
[[176, 64, 10, 0], 98410]
[[176, 64, 15, 0], 98415]
[[176, 64, 21, 0], 98421]
[[176, 64, 27, 0], 98427]
[[176, 64, 33, 0], 98433]
[[176, 64, 39, 0], 98440]
[[176, 64, 44, 0], 98445]
[[176, 64, 51, 0], 98451]
[[176, 64, 58, 0], 98457]
[[176, 64, 60, 0], 98463]
[[176, 64, 62, 0], 98469]
[[176, 64, 68, 0], 98475]
[[176, 64, 75, 0], 98481]
[[176, 64, 127, 0], 98487]
[[144, 63, 0, 0], 99278]
[[144, 67, 0, 0], 99329]
[[144, 60, 0, 0], 99355]
[[144, 46, 0, 0], 99377]
[[144, 70, 0, 0], 99405]
[[144, 68, 67, 0], 99865]
[[176, 64, 74, 0], 99867]
[[144, 64, 67, 0], 99871]
[[176, 64, 63, 0], 99876]
[[144, 61, 64, 0], 99876]
[[144, 71, 70, 0], 99876]
[[176, 64, 60, 0], 99882]
[[144, 47, 68, 0], 99882]
[[176, 64, 57, 0], 99887]
[[176, 64, 44, 0], 99893]
[[176, 64, 37, 0], 99899]
[[176, 64, 29, 0], 99905]
[[176, 64, 22, 0], 99911]
[[176, 64, 15, 0], 99917]
[[176, 64, 9, 0], 99924]
[[176, 64, 4, 0], 99929]
[[176, 64, 0, 0], 99936]
[[176, 64, 6, 0], 100103]
[[176, 64, 14, 0], 100110]
[[176, 64, 23, 0], 100115]
[[176, 64, 31, 0], 100122]
[[176, 64, 40, 0], 100127]
[[176, 64, 51, 0], 100133]
[[176, 64, 59, 0], 100140]
[[176, 64, 62, 0], 100145]
[[176, 64, 70, 0], 100151]
[[176, 64, 127, 0], 100157]
[[144, 64, 0, 0], 100327]
[[144, 61, 0, 0], 100330]
[[144, 68, 0, 0], 100336]
[[144, 71, 0, 0], 100360]
[[144, 47, 0, 0], 100490]
[[144, 72, 73, 0], 101793]
[[144, 62, 67, 0], 101802]
[[144, 69, 66, 0], 101804]
[[144, 65, 66, 0], 101809]
[[144, 48, 72, 0], 101818]
[[176, 64, 72, 0], 101836]
[[176, 64, 65, 0], 101843]
[[176, 64, 62, 0], 101849]
[[176, 64, 60, 0], 101855]
[[176, 64, 58, 0], 101861]
[[176, 64, 54, 0], 101867]
[[176, 64, 46, 0], 101873]
[[176, 64, 40, 0], 101879]
[[176, 64, 34, 0], 101885]
[[176, 64, 29, 0], 101891]
[[176, 64, 22, 0], 101897]
[[176, 64, 17, 0], 101903]
[[176, 64, 11, 0], 101909]
[[176, 64, 5, 0], 101915]
[[176, 64, 0, 0], 101920]
[[176, 64, 2, 0], 102167]
[[176, 64, 8, 0], 102173]
[[176, 64, 14, 0], 102179]
[[176, 64, 22, 0], 102185]
[[176, 64, 29, 0], 102191]
[[176, 64, 37, 0], 102198]
[[176, 64, 42, 0], 102203]
[[176, 64, 52, 0], 102209]
[[176, 64, 58, 0], 102215]
[[176, 64, 61, 0], 102221]
[[176, 64, 63, 0], 102227]
[[176, 64, 69, 0], 102233]
[[176, 64, 76, 0], 102239]
[[176, 64, 127, 0], 102245]
[[144, 62, 0, 0], 102925]
[[144, 65, 0, 0], 102970]
[[144, 69, 0, 0], 103003]
[[144, 72, 0, 0], 103044]
[[144, 48, 0, 0], 103106]
[[144, 77, 75, 0], 105472]
[[144, 66, 73, 0], 105472]
[[144, 74, 67, 0], 105474]
[[144, 71, 63, 0], 105487]
[[144, 63, 69, 0], 105487]
[[144, 57, 58, 0], 105496]
[[176, 64, 74, 0], 105502]
[[176, 64, 65, 0], 105508]
[[176, 64, 62, 0], 105515]
[[176, 64, 60, 0], 105520]
[[176, 64, 58, 0], 105527]
[[176, 64, 54, 0], 105532]
[[176, 64, 46, 0], 105539]
[[176, 64, 41, 0], 105544]
[[176, 64, 37, 0], 105551]
[[176, 64, 31, 0], 105556]
[[176, 64, 25, 0], 105563]
[[176, 64, 20, 0], 105568]
[[176, 64, 15, 0], 105575]
[[176, 64, 9, 0], 105581]
[[176, 64, 5, 0], 105587]
[[176, 64, 0, 0], 105593]
[[176, 64, 3, 0], 105804]
[[176, 64, 10, 0], 105809]
[[176, 64, 17, 0], 105815]
[[176, 64, 23, 0], 105821]
[[176, 64, 31, 0], 105826]
[[176, 64, 39, 0], 105833]
[[176, 64, 45, 0], 105838]
[[176, 64, 56, 0], 105844]
[[176, 64, 59, 0], 105850]
[[176, 64, 62, 0], 105856]
[[176, 64, 65, 0], 105863]
[[176, 64, 74, 0], 105868]
[[176, 64, 127, 0], 105874]
[[144, 57, 0, 0], 106885]
[[144, 77, 0, 0], 106896]
[[144, 71, 0, 0], 106909]
[[144, 74, 0, 0], 106913]
[[144, 66, 0, 0], 106975]
[[144, 63, 0, 0], 106977]
[[144, 75, 86, 0], 107578]
[[144, 72, 73, 0], 107585]
[[144, 69, 74, 0], 107592]
[[144, 64, 79, 0], 107592]
[[144, 61, 69, 0], 107598]
[[144, 55, 67, 0], 107601]
[[176, 64, 71, 0], 107632]
[[176, 64, 63, 0], 107638]
[[176, 64, 61, 0], 107644]
[[176, 64, 58, 0], 107650]
[[176, 64, 51, 0], 107656]
[[176, 64, 41, 0], 107662]
[[176, 64, 36, 0], 107668]
[[176, 64, 29, 0], 107674]
[[176, 64, 22, 0], 107680]
[[176, 64, 15, 0], 107686]
[[176, 64, 9, 0], 107693]
[[176, 64, 3, 0], 107698]
[[176, 64, 0, 0], 107704]
[[176, 64, 6, 0], 107878]
[[176, 64, 13, 0], 107884]
[[176, 64, 21, 0], 107890]
[[176, 64, 29, 0], 107896]
[[176, 64, 38, 0], 107902]
[[176, 64, 44, 0], 107908]
[[176, 64, 56, 0], 107914]
[[176, 64, 60, 0], 107921]
[[176, 64, 62, 0], 107926]
[[176, 64, 69, 0], 107933]
[[176, 64, 78, 0], 107938]
[[176, 64, 127, 0], 107945]
[[144, 69, 0, 0], 108226]
[[144, 64, 0, 0], 108261]
[[144, 72, 0, 0], 108261]
[[144, 75, 0, 0], 108274]
[[144, 55, 0, 0], 108301]
[[144, 61, 0, 0], 108355]
[[144, 73, 84, 0], 109480]
[[144, 70, 79, 0], 109483]
[[144, 62, 71, 0], 109488]
[[144, 53, 68, 0], 109492]
[[144, 67, 78, 0], 109492]
[[144, 59, 75, 0], 109496]
[[176, 64, 78, 0], 109517]
[[176, 64, 70, 0], 109523]
[[176, 64, 63, 0], 109529]
[[176, 64, 61, 0], 109535]
[[176, 64, 59, 0], 109541]
[[176, 64, 56, 0], 109547]
[[176, 64, 48, 0], 109554]
[[176, 64, 41, 0], 109559]
[[176, 64, 36, 0], 109566]
[[176, 64, 30, 0], 109571]
[[176, 64, 24, 0], 109578]
[[176, 64, 19, 0], 109582]
[[176, 64, 13, 0], 109589]
[[176, 64, 9, 0], 109595]
[[176, 64, 4, 0], 109601]
[[176, 64, 0, 0], 109606]
[[176, 64, 5, 0], 110008]
[[176, 64, 13, 0], 110014]
[[176, 64, 21, 0], 110020]
[[176, 64, 29, 0], 110027]
[[176, 64, 38, 0], 110032]
[[176, 64, 45, 0], 110038]
[[176, 64, 57, 0], 110044]
[[176, 64, 60, 0], 110050]
[[176, 64, 63, 0], 110057]
[[176, 64, 71, 0], 110062]
[[176, 64, 80, 0], 110069]
[[176, 64, 127, 0], 110074]
[[144, 70, 0, 0], 111486]
[[144, 67, 0, 0], 111696]
[[144, 73, 0, 0], 111698]
[[144, 53, 0, 0], 111834]
[[144, 62, 0, 0], 111872]
[[144, 59, 0, 0], 111941]
[[176, 64, 76, 0], 115498]
[[176, 64, 63, 0], 115505]
[[176, 64, 60, 0], 115511]
[[176, 64, 52, 0], 115516]
[[176, 64, 40, 0], 115523]
[[176, 64, 30, 0], 115528]
[[176, 64, 21, 0], 115535]
[[176, 64, 11, 0], 115541]
[[176, 64, 3, 0], 115547]
[[176, 64, 0, 0], 115552]
[[144, 76, 84, 0], 118824]
[[144, 65, 80, 0], 118827]
[[144, 72, 71, 0], 118833]
[[144, 69, 78, 0], 118833]
[[144, 58, 64, 0], 118836]
[[144, 48, 64, 0], 118844]
[[176, 64, 3, 0], 118965]
[[176, 64, 7, 0], 118972]
[[176, 64, 11, 0], 118978]
[[176, 64, 14, 0], 118984]
[[176, 64, 19, 0], 118990]
[[176, 64, 23, 0], 118996]
[[176, 64, 27, 0], 119002]
[[176, 64, 31, 0], 119008]
[[176, 64, 36, 0], 119014]
[[176, 64, 40, 0], 119020]
[[176, 64, 44, 0], 119026]
[[176, 64, 50, 0], 119032]
[[176, 64, 57, 0], 119038]
[[176, 64, 59, 0], 119044]
[[176, 64, 61, 0], 119050]
[[176, 64, 63, 0], 119056]
[[176, 64, 70, 0], 119062]
[[176, 64, 79, 0], 119068]
[[176, 64, 127, 0], 119074]
[[144, 48, 0, 0], 119720]
[[144, 72, 0, 0], 119733]
[[144, 69, 0, 0], 119745]
[[144, 65, 0, 0], 119768]
[[144, 76, 0, 0], 119787]
[[144, 58, 0, 0], 119872]
[[144, 77, 83, 0], 120370]
[[176, 64, 79, 0], 120376]
[[144, 70, 74, 0], 120384]
[[144, 73, 78, 0], 120384]
[[144, 66, 74, 0], 120384]
[[144, 59, 71, 0], 120384]
[[176, 64, 65, 0], 120385]
[[144, 49, 75, 0], 120387]
[[176, 64, 60, 0], 120391]
[[176, 64, 56, 0], 120397]
[[176, 64, 42, 0], 120402]
[[176, 64, 34, 0], 120409]
[[176, 64, 27, 0], 120415]
[[176, 64, 17, 0], 120420]
[[176, 64, 9, 0], 120426]
[[176, 64, 1, 0], 120432]
[[176, 64, 0, 0], 120438]
[[176, 64, 5, 0], 120588]
[[176, 64, 12, 0], 120594]
[[176, 64, 21, 0], 120601]
[[176, 64, 30, 0], 120606]
[[176, 64, 39, 0], 120613]
[[176, 64, 49, 0], 120618]
[[176, 64, 58, 0], 120625]
[[176, 64, 62, 0], 120630]
[[176, 64, 69, 0], 120636]
[[176, 64, 127, 0], 120642]
[[144, 77, 0, 0], 120797]
[[144, 73, 0, 0], 120797]
[[144, 66, 0, 0], 120800]
[[144, 70, 0, 0], 120809]
[[144, 49, 0, 0], 120825]
[[144, 59, 0, 0], 120842]
[[144, 79, 92, 0], 121990]
[[144, 67, 86, 0], 121999]
[[144, 71, 86, 0], 122000]
[[144, 74, 84, 0], 122002]
[[144, 60, 83, 0], 122005]
[[144, 50, 83, 0], 122012]
[[176, 64, 70, 0], 122034]
[[176, 64, 63, 0], 122040]
[[176, 64, 60, 0], 122046]
[[176, 64, 58, 0], 122052]
[[176, 64, 48, 0], 122058]
[[176, 64, 39, 0], 122064]
[[176, 64, 31, 0], 122070]
[[176, 64, 21, 0], 122076]
[[176, 64, 13, 0], 122082]
[[176, 64, 4, 0], 122088]
[[176, 64, 0, 0], 122094]
[[176, 64, 5, 0], 122274]
[[176, 64, 13, 0], 122281]
[[176, 64, 23, 0], 122286]
[[176, 64, 34, 0], 122292]
[[176, 64, 42, 0], 122298]
[[176, 64, 56, 0], 122304]
[[176, 64, 61, 0], 122310]
[[176, 64, 65, 0], 122316]
[[176, 64, 80, 0], 122322]
[[176, 64, 127, 0], 122329]
[[144, 79, 0, 0], 123597]
[[144, 71, 0, 0], 123669]
[[144, 67, 0, 0], 123694]
[[144, 74, 0, 0], 123701]
[[144, 60, 0, 0], 123860]
[[144, 50, 0, 0], 124129]
[[144, 78, 91, 0], 124268]
[[144, 74, 75, 0], 124286]
[[144, 71, 79, 0], 124292]
[[144, 67, 79, 0], 124292]
[[144, 60, 77, 0], 124293]
[[144, 50, 68, 0], 124298]
[[176, 64, 80, 0], 124302]
[[176, 64, 65, 0], 124308]
[[176, 64, 60, 0], 124315]
[[176, 64, 55, 0], 124320]
[[176, 64, 42, 0], 124326]
[[176, 64, 34, 0], 124332]
[[176, 64, 25, 0], 124338]
[[176, 64, 18, 0], 124344]
[[176, 64, 11, 0], 124350]
[[176, 64, 4, 0], 124356]
[[176, 64, 0, 0], 124362]
[[176, 64, 3, 0], 124482]
[[176, 64, 9, 0], 124488]
[[176, 64, 17, 0], 124495]
[[176, 64, 24, 0], 124500]
[[176, 64, 32, 0], 124506]
[[176, 64, 40, 0], 124512]
[[176, 64, 48, 0], 124518]
[[176, 64, 58, 0], 124524]
[[176, 64, 61, 0], 124530]
[[176, 64, 65, 0], 124536]
[[176, 64, 76, 0], 124542]
[[176, 64, 127, 0], 124549]
[[144, 74, 0, 0], 125079]
[[144, 60, 0, 0], 125091]
[[144, 71, 0, 0], 125094]
[[144, 78, 0, 0], 125099]
[[144, 67, 0, 0], 125142]
[[144, 50, 0, 0], 125156]
[[144, 72, 87, 0], 126197]
[[144, 66, 76, 0], 126203]
[[144, 62, 85, 0], 126203]
[[144, 58, 63, 0], 126207]
[[144, 69, 79, 0], 126207]
[[144, 48, 67, 0], 126214]
[[176, 64, 76, 0], 126227]
[[176, 64, 65, 0], 126233]
[[176, 64, 61, 0], 126240]
[[176, 64, 58, 0], 126245]
[[176, 64, 51, 0], 126251]
[[176, 64, 41, 0], 126257]
[[176, 64, 36, 0], 126263]
[[176, 64, 28, 0], 126269]
[[176, 64, 21, 0], 126276]
[[176, 64, 14, 0], 126281]
[[176, 64, 8, 0], 126287]
[[176, 64, 3, 0], 126293]
[[176, 64, 0, 0], 126299]
[[176, 64, 1, 0], 126449]
[[176, 64, 7, 0], 126456]
[[176, 64, 14, 0], 126462]
[[176, 64, 21, 0], 126468]
[[176, 64, 30, 0], 126474]
[[176, 64, 38, 0], 126480]
[[176, 64, 45, 0], 126486]
[[176, 64, 57, 0], 126492]
[[176, 64, 60, 0], 126498]
[[176, 64, 63, 0], 126504]
[[176, 64, 70, 0], 126510]
[[176, 64, 79, 0], 126516]
[[176, 64, 127, 0], 126522]
[[144, 69, 0, 0], 126889]
[[144, 72, 0, 0], 126901]
[[144, 48, 0, 0], 126907]
[[144, 66, 0, 0], 126939]
[[144, 58, 0, 0], 126952]
[[144, 62, 0, 0], 127032]
[[144, 70, 87, 0], 127482]
[[144, 64, 76, 0], 127496]
[[144, 60, 77, 0], 127496]
[[144, 67, 78, 0], 127496]
[[144, 46, 69, 0], 127499]
[[144, 56, 72, 0], 127499]
[[176, 64, 72, 0], 127518]
[[176, 64, 62, 0], 127524]
[[176, 64, 59, 0], 127530]
[[176, 64, 52, 0], 127536]
[[176, 64, 41, 0], 127542]
[[176, 64, 34, 0], 127548]
[[176, 64, 27, 0], 127554]
[[176, 64, 19, 0], 127560]
[[176, 64, 12, 0], 127566]
[[176, 64, 6, 0], 127572]
[[176, 64, 1, 0], 127578]
[[176, 64, 0, 0], 127583]
[[176, 64, 4, 0], 127739]
[[176, 64, 10, 0], 127745]
[[176, 64, 15, 0], 127752]
[[176, 64, 23, 0], 127757]
[[176, 64, 29, 0], 127764]
[[176, 64, 37, 0], 127769]
[[176, 64, 42, 0], 127776]
[[176, 64, 50, 0], 127781]
[[176, 64, 58, 0], 127787]
[[176, 64, 60, 0], 127793]
[[176, 64, 62, 0], 127799]
[[176, 64, 67, 0], 127806]
[[176, 64, 74, 0], 127811]
[[176, 64, 127, 0], 127818]
[[144, 67, 0, 0], 128045]
[[144, 64, 0, 0], 128085]
[[144, 70, 0, 0], 128121]
[[144, 56, 0, 0], 128177]
[[144, 46, 0, 0], 128189]
[[144, 60, 0, 0], 128207]
[[144, 63, 75, 0], 128609]
[[144, 69, 87, 0], 128609]
[[144, 66, 80, 0], 128611]
[[144, 59, 80, 0], 128613]
[[144, 45, 72, 0], 128622]
[[144, 55, 75, 0], 128622]
[[176, 64, 72, 0], 128639]
[[176, 64, 64, 0], 128645]
[[176, 64, 62, 0], 128651]
[[176, 64, 59, 0], 128657]
[[176, 64, 57, 0], 128664]
[[176, 64, 47, 0], 128669]
[[176, 64, 39, 0], 128676]
[[176, 64, 33, 0], 128681]
[[176, 64, 25, 0], 128687]
[[176, 64, 19, 0], 128693]
[[176, 64, 12, 0], 128699]
[[176, 64, 5, 0], 128705]
[[176, 64, 0, 0], 128711]
[[176, 64, 1, 0], 128868]
[[176, 64, 8, 0], 128874]
[[176, 64, 15, 0], 128880]
[[176, 64, 24, 0], 128886]
[[176, 64, 33, 0], 128892]
[[176, 64, 41, 0], 128898]
[[176, 64, 53, 0], 128904]
[[176, 64, 59, 0], 128910]
[[176, 64, 62, 0], 128916]
[[176, 64, 71, 0], 128922]
[[176, 64, 127, 0], 128928]
[[144, 59, 0, 0], 129146]
[[144, 45, 0, 0], 129175]
[[144, 63, 0, 0], 129188]
[[144, 69, 0, 0], 129197]
[[144, 66, 0, 0], 129199]
[[144, 55, 0, 0], 129251]
[[144, 57, 56, 0], 130026]
[[144, 71, 75, 0], 130083]
[[144, 67, 82, 0], 130091]
[[144, 75, 78, 0], 130133]
[[144, 78, 82, 0], 130154]
[[144, 81, 84, 0], 130180]
[[144, 67, 0, 0], 131166]
[[144, 71, 0, 0], 131176]
[[144, 78, 0, 0], 131177]
[[144, 75, 0, 0], 131178]
[[144, 81, 0, 0], 131185]
[[144, 57, 0, 0], 131190]
[[176, 64, 76, 0], 132780]
[[176, 64, 71, 0], 132786]
[[176, 64, 65, 0], 132792]
[[176, 64, 63, 0], 132798]
[[176, 64, 62, 0], 132804]
[[176, 64, 61, 0], 132816]
[[176, 64, 60, 0], 132828]
[[176, 64, 59, 0], 132852]
[[176, 64, 58, 0], 132864]
[[176, 64, 57, 0], 132870]
[[176, 64, 52, 0], 132877]
[[176, 64, 46, 0], 132882]
[[176, 64, 41, 0], 132888]
[[176, 64, 36, 0], 132894]
[[176, 64, 29, 0], 132900]
[[176, 64, 21, 0], 132906]
[[176, 64, 13, 0], 132912]
[[176, 64, 4, 0], 132918]
[[176, 64, 0, 0], 132924]
